{
 "cells": [
  {
   "cell_type": "code",
   "execution_count": 1,
   "id": "charming-symphony",
   "metadata": {},
   "outputs": [
    {
     "name": "stdout",
     "output_type": "stream",
     "text": [
      "Processing /home/jovyan\n",
      "Requirement already satisfied: plotly in /opt/conda/lib/python3.8/site-packages (from edacolors==0.0.1) (4.14.3)\n",
      "Requirement already satisfied: six in /opt/conda/lib/python3.8/site-packages (from plotly->edacolors==0.0.1) (1.15.0)\n",
      "Requirement already satisfied: retrying>=1.3.3 in /opt/conda/lib/python3.8/site-packages (from plotly->edacolors==0.0.1) (1.3.3)\n",
      "Building wheels for collected packages: edacolors\n",
      "  Building wheel for edacolors (setup.py) ... \u001b[?25ldone\n",
      "\u001b[?25h  Created wheel for edacolors: filename=edacolors-0.0.1-py3-none-any.whl size=3484 sha256=611e4dd9e77898272dde4471c2b10b15e00a7a96cb1166b22ecd55cb05f80b79\n",
      "  Stored in directory: /tmp/pip-ephem-wheel-cache-kvxxoa_w/wheels/fc/c4/49/78b5bd16ca276f2916d0829d47c131046b6e4575f7dd51e987\n",
      "Successfully built edacolors\n",
      "Installing collected packages: edacolors\n",
      "  Attempting uninstall: edacolors\n",
      "    Found existing installation: edacolors 0.0.1\n",
      "    Uninstalling edacolors-0.0.1:\n",
      "      Successfully uninstalled edacolors-0.0.1\n",
      "Successfully installed edacolors-0.0.1\n",
      "Note: you may need to restart the kernel to use updated packages.\n"
     ]
    }
   ],
   "source": [
    "pip install ."
   ]
  },
  {
   "cell_type": "code",
   "execution_count": 2,
   "id": "severe-hungarian",
   "metadata": {},
   "outputs": [
    {
     "name": "stdout",
     "output_type": "stream",
     "text": [
      "Requirement already satisfied: cmcrameri in /opt/conda/lib/python3.8/site-packages (1.2)\n",
      "Requirement already satisfied: matplotlib in /opt/conda/lib/python3.8/site-packages (from cmcrameri) (3.3.4)\n",
      "Requirement already satisfied: numpy in /opt/conda/lib/python3.8/site-packages (from cmcrameri) (1.20.1)\n",
      "Requirement already satisfied: kiwisolver>=1.0.1 in /opt/conda/lib/python3.8/site-packages (from matplotlib->cmcrameri) (1.3.1)\n",
      "Requirement already satisfied: pillow>=6.2.0 in /opt/conda/lib/python3.8/site-packages (from matplotlib->cmcrameri) (8.1.0)\n",
      "Requirement already satisfied: pyparsing!=2.0.4,!=2.1.2,!=2.1.6,>=2.0.3 in /opt/conda/lib/python3.8/site-packages (from matplotlib->cmcrameri) (2.4.7)\n",
      "Requirement already satisfied: cycler>=0.10 in /opt/conda/lib/python3.8/site-packages (from matplotlib->cmcrameri) (0.10.0)\n",
      "Requirement already satisfied: python-dateutil>=2.1 in /opt/conda/lib/python3.8/site-packages (from matplotlib->cmcrameri) (2.8.1)\n",
      "Requirement already satisfied: six in /opt/conda/lib/python3.8/site-packages (from cycler>=0.10->matplotlib->cmcrameri) (1.15.0)\n",
      "Note: you may need to restart the kernel to use updated packages.\n"
     ]
    }
   ],
   "source": [
    "pip install cmcrameri"
   ]
  },
  {
   "cell_type": "code",
   "execution_count": 3,
   "id": "forced-aircraft",
   "metadata": {},
   "outputs": [],
   "source": [
    "## Load packages \n",
    "\n",
    "# General packages\n",
    "import numpy as np\n",
    "import sys\n",
    "import pandas as pd\n",
    "\n",
    "# Plotly\n",
    "import plotly.express as px\n",
    "import plotly.graph_objects as go\n",
    "import plotly.io as pio\n",
    "import random\n",
    "import string\n",
    "\n",
    "# eda colors\n",
    "from edacolors import eda_themes\n",
    "from edacolors.eda_themes import *\n",
    "from cmcrameri import cm\n",
    "\n",
    "# Load ApTViz visualization theme\n",
    "pio.templates.default = \"edacolors\"\n",
    "\n",
    "# Plotly helper (from here https://github.com/plotly/plotly.py/issues/2189)\n",
    "def mpl_to_plotly(cmap, pl_entries=11, rdigits=2):\n",
    "    # cmap - colormap \n",
    "    # pl_entries - int = number of Plotly colorscale entries\n",
    "    # rdigits - int -=number of digits for rounding scale values\n",
    "    scale = np.linspace(0, 1, pl_entries)\n",
    "    colors = (cmap(scale)[:, :3]*255).astype(np.uint8)\n",
    "    pl_colorscale = [[round(s, rdigits), f'rgb{tuple(color)}'] for s, color in zip(scale, colors)]\n",
    "    return pl_colorscale"
   ]
  },
  {
   "cell_type": "code",
   "execution_count": 4,
   "id": "intimate-links",
   "metadata": {},
   "outputs": [],
   "source": [
    "## Choose parameters for data and colormap\n",
    "\n",
    "# Parameters\n",
    "NSAMPLES = 1000\n",
    "NCOLORS = 8   # MUST be <= 8 for ito, tol\n",
    "GRADIENTMAP = cm.tokyo  # cm.lapaz, cm.batlow_r, cm...\n"
   ]
  },
  {
   "cell_type": "code",
   "execution_count": 5,
   "id": "automotive-night",
   "metadata": {},
   "outputs": [
    {
     "name": "stderr",
     "output_type": "stream",
     "text": [
      "<ipython-input-5-f94bbb393e2c>:24: SettingWithCopyWarning: \n",
      "A value is trying to be set on a copy of a slice from a DataFrame\n",
      "\n",
      "See the caveats in the documentation: https://pandas.pydata.org/pandas-docs/stable/user_guide/indexing.html#returning-a-view-versus-a-copy\n",
      "  df.cont3[df.cat1 == var] += 5*i\n"
     ]
    },
    {
     "data": {
      "text/html": [
       "<div>\n",
       "<style scoped>\n",
       "    .dataframe tbody tr th:only-of-type {\n",
       "        vertical-align: middle;\n",
       "    }\n",
       "\n",
       "    .dataframe tbody tr th {\n",
       "        vertical-align: top;\n",
       "    }\n",
       "\n",
       "    .dataframe thead th {\n",
       "        text-align: right;\n",
       "    }\n",
       "</style>\n",
       "<table border=\"1\" class=\"dataframe\">\n",
       "  <thead>\n",
       "    <tr style=\"text-align: right;\">\n",
       "      <th></th>\n",
       "      <th>cat1</th>\n",
       "      <th>cat2</th>\n",
       "      <th>binary1</th>\n",
       "      <th>binary2</th>\n",
       "      <th>ordinal1</th>\n",
       "      <th>ordinal2</th>\n",
       "      <th>cont1</th>\n",
       "      <th>cont2</th>\n",
       "      <th>cont3</th>\n",
       "    </tr>\n",
       "  </thead>\n",
       "  <tbody>\n",
       "    <tr>\n",
       "      <th>0</th>\n",
       "      <td>v</td>\n",
       "      <td>H</td>\n",
       "      <td>0</td>\n",
       "      <td>0</td>\n",
       "      <td>0</td>\n",
       "      <td>0</td>\n",
       "      <td>8.193933</td>\n",
       "      <td>1.882985</td>\n",
       "      <td>24.887427</td>\n",
       "    </tr>\n",
       "    <tr>\n",
       "      <th>1</th>\n",
       "      <td>b</td>\n",
       "      <td>H</td>\n",
       "      <td>1</td>\n",
       "      <td>1</td>\n",
       "      <td>6</td>\n",
       "      <td>3</td>\n",
       "      <td>5.686693</td>\n",
       "      <td>6.311827</td>\n",
       "      <td>20.221667</td>\n",
       "    </tr>\n",
       "    <tr>\n",
       "      <th>2</th>\n",
       "      <td>y</td>\n",
       "      <td>E</td>\n",
       "      <td>0</td>\n",
       "      <td>1</td>\n",
       "      <td>0</td>\n",
       "      <td>7</td>\n",
       "      <td>6.946739</td>\n",
       "      <td>7.692488</td>\n",
       "      <td>38.164313</td>\n",
       "    </tr>\n",
       "    <tr>\n",
       "      <th>3</th>\n",
       "      <td>e</td>\n",
       "      <td>U</td>\n",
       "      <td>1</td>\n",
       "      <td>1</td>\n",
       "      <td>6</td>\n",
       "      <td>0</td>\n",
       "      <td>1.466477</td>\n",
       "      <td>5.137683</td>\n",
       "      <td>16.125287</td>\n",
       "    </tr>\n",
       "    <tr>\n",
       "      <th>4</th>\n",
       "      <td>b</td>\n",
       "      <td>L</td>\n",
       "      <td>1</td>\n",
       "      <td>0</td>\n",
       "      <td>4</td>\n",
       "      <td>7</td>\n",
       "      <td>5.316913</td>\n",
       "      <td>6.863822</td>\n",
       "      <td>19.109242</td>\n",
       "    </tr>\n",
       "  </tbody>\n",
       "</table>\n",
       "</div>"
      ],
      "text/plain": [
       "  cat1 cat2  binary1  binary2  ordinal1  ordinal2     cont1     cont2  \\\n",
       "0    v    H        0        0         0         0  8.193933  1.882985   \n",
       "1    b    H        1        1         6         3  5.686693  6.311827   \n",
       "2    y    E        0        1         0         7  6.946739  7.692488   \n",
       "3    e    U        1        1         6         0  1.466477  5.137683   \n",
       "4    b    L        1        0         4         7  5.316913  6.863822   \n",
       "\n",
       "       cont3  \n",
       "0  24.887427  \n",
       "1  20.221667  \n",
       "2  38.164313  \n",
       "3  16.125287  \n",
       "4  19.109242  "
      ]
     },
     "execution_count": 5,
     "metadata": {},
     "output_type": "execute_result"
    }
   ],
   "source": [
    "## Generate data\n",
    "# Note - assuming no negative data.\n",
    "\n",
    "# Create different types of variables\n",
    "cat1_vars = random.sample(string.ascii_lowercase,NCOLORS)\n",
    "cat2_vars = random.sample(string.ascii_uppercase,NCOLORS)\n",
    "\n",
    "cat1 = [random.choice(cat1_vars) for i in np.arange(NSAMPLES)]\n",
    "cat2 = [random.choice(cat2_vars) for i in np.arange(NSAMPLES)]\n",
    "binary1 = [random.choice([0, 1]) for i in np.arange(NSAMPLES)]\n",
    "binary2 = [random.choice([0, 1]) for i in np.arange(NSAMPLES)]\n",
    "ordinal1 = [random.choice(np.arange(NCOLORS)) for i in np.arange(NSAMPLES)]\n",
    "ordinal2 = [random.choice(np.arange(NCOLORS)) for i in np.arange(NSAMPLES)]\n",
    "cont1 = np.abs([random.gauss(5,2) for i in np.arange(NSAMPLES)])\n",
    "cont2 = np.abs([random.gauss(5,2) for i in np.arange(NSAMPLES)])\n",
    "cont3 = np.abs([random.gauss(5,2) for i in np.arange(NSAMPLES)])\n",
    "\n",
    "df = pd.DataFrame({\"cat1\": cat1, \"cat2\": cat2, \"binary1\": binary1, \"binary2\": binary2,\n",
    "                          \"ordinal1\": ordinal1, \"ordinal2\": ordinal2, \n",
    "                          \"cont1\": cont1, \"cont2\": cont2, \"cont3\": cont3})\n",
    "\n",
    "# Add a little shift to continuous variables so they don't sit all on top of each other\n",
    "for (i,var) in enumerate(cat1_vars):\n",
    "    df.cont3[df.cat1 == var] += 5*i\n",
    "\n",
    "\n",
    "df.head()"
   ]
  },
  {
   "cell_type": "code",
   "execution_count": 6,
   "id": "mathematical-challenge",
   "metadata": {},
   "outputs": [],
   "source": [
    "## Convert map to plotly colormap\n",
    "\n",
    "colormap_ptly = mpl_to_plotly(GRADIENTMAP, 255)"
   ]
  },
  {
   "cell_type": "code",
   "execution_count": 21,
   "id": "racial-serbia",
   "metadata": {},
   "outputs": [
    {
     "data": {
      "application/vnd.plotly.v1+json": {
       "config": {
        "plotlyServerURL": "https://plot.ly"
       },
       "data": [
        {
         "colorscale": [
          [
           0,
           "rgb(26, 14, 51)"
          ],
          [
           0,
           "rgb(27, 15, 52)"
          ],
          [
           0.01,
           "rgb(29, 15, 53)"
          ],
          [
           0.01,
           "rgb(31, 16, 54)"
          ],
          [
           0.02,
           "rgb(32, 16, 54)"
          ],
          [
           0.02,
           "rgb(34, 17, 55)"
          ],
          [
           0.02,
           "rgb(35, 17, 56)"
          ],
          [
           0.03,
           "rgb(37, 18, 57)"
          ],
          [
           0.03,
           "rgb(38, 18, 58)"
          ],
          [
           0.04,
           "rgb(40, 19, 59)"
          ],
          [
           0.04,
           "rgb(41, 19, 59)"
          ],
          [
           0.04,
           "rgb(43, 20, 60)"
          ],
          [
           0.05,
           "rgb(44, 20, 61)"
          ],
          [
           0.05,
           "rgb(46, 21, 62)"
          ],
          [
           0.06,
           "rgb(47, 21, 63)"
          ],
          [
           0.06,
           "rgb(49, 22, 64)"
          ],
          [
           0.06,
           "rgb(50, 23, 65)"
          ],
          [
           0.07,
           "rgb(52, 23, 66)"
          ],
          [
           0.07,
           "rgb(53, 24, 66)"
          ],
          [
           0.07,
           "rgb(55, 24, 67)"
          ],
          [
           0.08,
           "rgb(56, 25, 68)"
          ],
          [
           0.08,
           "rgb(58, 26, 69)"
          ],
          [
           0.09,
           "rgb(59, 27, 70)"
          ],
          [
           0.09,
           "rgb(61, 27, 71)"
          ],
          [
           0.09,
           "rgb(62, 28, 72)"
          ],
          [
           0.1,
           "rgb(64, 29, 73)"
          ],
          [
           0.1,
           "rgb(65, 29, 74)"
          ],
          [
           0.11,
           "rgb(67, 30, 75)"
          ],
          [
           0.11,
           "rgb(68, 31, 76)"
          ],
          [
           0.11,
           "rgb(70, 32, 77)"
          ],
          [
           0.12,
           "rgb(72, 33, 78)"
          ],
          [
           0.12,
           "rgb(73, 34, 78)"
          ],
          [
           0.13,
           "rgb(75, 34, 79)"
          ],
          [
           0.13,
           "rgb(76, 35, 80)"
          ],
          [
           0.13,
           "rgb(78, 36, 81)"
          ],
          [
           0.14,
           "rgb(79, 37, 82)"
          ],
          [
           0.14,
           "rgb(81, 38, 83)"
          ],
          [
           0.15,
           "rgb(82, 39, 84)"
          ],
          [
           0.15,
           "rgb(84, 40, 85)"
          ],
          [
           0.15,
           "rgb(85, 41, 86)"
          ],
          [
           0.16,
           "rgb(87, 42, 87)"
          ],
          [
           0.16,
           "rgb(88, 43, 88)"
          ],
          [
           0.17,
           "rgb(90, 44, 89)"
          ],
          [
           0.17,
           "rgb(91, 45, 90)"
          ],
          [
           0.17,
           "rgb(93, 46, 91)"
          ],
          [
           0.18,
           "rgb(94, 48, 92)"
          ],
          [
           0.18,
           "rgb(96, 49, 93)"
          ],
          [
           0.19,
           "rgb(97, 50, 94)"
          ],
          [
           0.19,
           "rgb(98, 51, 95)"
          ],
          [
           0.19,
           "rgb(100, 52, 95)"
          ],
          [
           0.2,
           "rgb(101, 53, 96)"
          ],
          [
           0.2,
           "rgb(102, 54, 97)"
          ],
          [
           0.2,
           "rgb(104, 56, 98)"
          ],
          [
           0.21,
           "rgb(105, 57, 99)"
          ],
          [
           0.21,
           "rgb(106, 58, 100)"
          ],
          [
           0.22,
           "rgb(107, 59, 101)"
          ],
          [
           0.22,
           "rgb(109, 60, 102)"
          ],
          [
           0.22,
           "rgb(110, 62, 102)"
          ],
          [
           0.23,
           "rgb(111, 63, 103)"
          ],
          [
           0.23,
           "rgb(112, 64, 104)"
          ],
          [
           0.24,
           "rgb(113, 65, 105)"
          ],
          [
           0.24,
           "rgb(114, 66, 106)"
          ],
          [
           0.24,
           "rgb(115, 68, 106)"
          ],
          [
           0.25,
           "rgb(116, 69, 107)"
          ],
          [
           0.25,
           "rgb(117, 70, 108)"
          ],
          [
           0.26,
           "rgb(118, 71, 108)"
          ],
          [
           0.26,
           "rgb(119, 72, 109)"
          ],
          [
           0.26,
           "rgb(120, 73, 110)"
          ],
          [
           0.27,
           "rgb(121, 75, 111)"
          ],
          [
           0.27,
           "rgb(122, 76, 111)"
          ],
          [
           0.28,
           "rgb(123, 77, 112)"
          ],
          [
           0.28,
           "rgb(124, 78, 112)"
          ],
          [
           0.28,
           "rgb(124, 79, 113)"
          ],
          [
           0.29,
           "rgb(125, 80, 114)"
          ],
          [
           0.29,
           "rgb(126, 82, 114)"
          ],
          [
           0.3,
           "rgb(126, 83, 115)"
          ],
          [
           0.3,
           "rgb(127, 84, 115)"
          ],
          [
           0.3,
           "rgb(128, 85, 116)"
          ],
          [
           0.31,
           "rgb(128, 86, 116)"
          ],
          [
           0.31,
           "rgb(129, 87, 117)"
          ],
          [
           0.31,
           "rgb(130, 88, 117)"
          ],
          [
           0.32,
           "rgb(130, 89, 118)"
          ],
          [
           0.32,
           "rgb(131, 90, 118)"
          ],
          [
           0.33,
           "rgb(131, 91, 119)"
          ],
          [
           0.33,
           "rgb(132, 93, 119)"
          ],
          [
           0.33,
           "rgb(132, 94, 120)"
          ],
          [
           0.34,
           "rgb(133, 95, 120)"
          ],
          [
           0.34,
           "rgb(133, 96, 121)"
          ],
          [
           0.35,
           "rgb(133, 97, 121)"
          ],
          [
           0.35,
           "rgb(134, 98, 121)"
          ],
          [
           0.35,
           "rgb(134, 99, 122)"
          ],
          [
           0.36,
           "rgb(135, 100, 122)"
          ],
          [
           0.36,
           "rgb(135, 101, 123)"
          ],
          [
           0.37,
           "rgb(135, 102, 123)"
          ],
          [
           0.37,
           "rgb(136, 103, 123)"
          ],
          [
           0.37,
           "rgb(136, 104, 124)"
          ],
          [
           0.38,
           "rgb(136, 105, 124)"
          ],
          [
           0.38,
           "rgb(137, 106, 124)"
          ],
          [
           0.39,
           "rgb(137, 107, 125)"
          ],
          [
           0.39,
           "rgb(137, 108, 125)"
          ],
          [
           0.39,
           "rgb(138, 109, 125)"
          ],
          [
           0.4,
           "rgb(138, 110, 126)"
          ],
          [
           0.4,
           "rgb(138, 111, 126)"
          ],
          [
           0.41,
           "rgb(138, 111, 126)"
          ],
          [
           0.41,
           "rgb(139, 112, 127)"
          ],
          [
           0.41,
           "rgb(139, 113, 127)"
          ],
          [
           0.42,
           "rgb(139, 114, 127)"
          ],
          [
           0.42,
           "rgb(139, 115, 128)"
          ],
          [
           0.43,
           "rgb(139, 116, 128)"
          ],
          [
           0.43,
           "rgb(140, 117, 128)"
          ],
          [
           0.43,
           "rgb(140, 118, 129)"
          ],
          [
           0.44,
           "rgb(140, 119, 129)"
          ],
          [
           0.44,
           "rgb(140, 120, 129)"
          ],
          [
           0.44,
           "rgb(140, 121, 129)"
          ],
          [
           0.45,
           "rgb(141, 122, 130)"
          ],
          [
           0.45,
           "rgb(141, 123, 130)"
          ],
          [
           0.46,
           "rgb(141, 124, 130)"
          ],
          [
           0.46,
           "rgb(141, 125, 130)"
          ],
          [
           0.46,
           "rgb(141, 125, 131)"
          ],
          [
           0.47,
           "rgb(142, 126, 131)"
          ],
          [
           0.47,
           "rgb(142, 127, 131)"
          ],
          [
           0.48,
           "rgb(142, 128, 132)"
          ],
          [
           0.48,
           "rgb(142, 129, 132)"
          ],
          [
           0.48,
           "rgb(142, 130, 132)"
          ],
          [
           0.49,
           "rgb(142, 131, 132)"
          ],
          [
           0.49,
           "rgb(143, 132, 133)"
          ],
          [
           0.5,
           "rgb(143, 133, 133)"
          ],
          [
           0.5,
           "rgb(143, 135, 133)"
          ],
          [
           0.5,
           "rgb(143, 135, 134)"
          ],
          [
           0.51,
           "rgb(143, 136, 134)"
          ],
          [
           0.51,
           "rgb(144, 137, 134)"
          ],
          [
           0.52,
           "rgb(144, 138, 134)"
          ],
          [
           0.52,
           "rgb(144, 139, 135)"
          ],
          [
           0.52,
           "rgb(144, 140, 135)"
          ],
          [
           0.53,
           "rgb(144, 141, 135)"
          ],
          [
           0.53,
           "rgb(144, 142, 135)"
          ],
          [
           0.54,
           "rgb(144, 143, 136)"
          ],
          [
           0.54,
           "rgb(145, 144, 136)"
          ],
          [
           0.54,
           "rgb(145, 145, 136)"
          ],
          [
           0.55,
           "rgb(145, 146, 136)"
          ],
          [
           0.55,
           "rgb(145, 146, 137)"
          ],
          [
           0.56,
           "rgb(145, 147, 137)"
          ],
          [
           0.56,
           "rgb(145, 148, 137)"
          ],
          [
           0.56,
           "rgb(146, 149, 137)"
          ],
          [
           0.57,
           "rgb(146, 150, 138)"
          ],
          [
           0.57,
           "rgb(146, 151, 138)"
          ],
          [
           0.57,
           "rgb(146, 152, 138)"
          ],
          [
           0.58,
           "rgb(146, 153, 138)"
          ],
          [
           0.58,
           "rgb(146, 154, 139)"
          ],
          [
           0.59,
           "rgb(147, 155, 139)"
          ],
          [
           0.59,
           "rgb(147, 156, 139)"
          ],
          [
           0.59,
           "rgb(147, 157, 139)"
          ],
          [
           0.6,
           "rgb(147, 157, 140)"
          ],
          [
           0.6,
           "rgb(147, 158, 140)"
          ],
          [
           0.61,
           "rgb(147, 159, 140)"
          ],
          [
           0.61,
           "rgb(148, 160, 140)"
          ],
          [
           0.61,
           "rgb(148, 161, 141)"
          ],
          [
           0.62,
           "rgb(148, 162, 141)"
          ],
          [
           0.62,
           "rgb(148, 163, 141)"
          ],
          [
           0.63,
           "rgb(148, 164, 142)"
          ],
          [
           0.63,
           "rgb(148, 165, 142)"
          ],
          [
           0.63,
           "rgb(149, 166, 142)"
          ],
          [
           0.64,
           "rgb(149, 167, 142)"
          ],
          [
           0.64,
           "rgb(149, 168, 143)"
          ],
          [
           0.65,
           "rgb(149, 169, 143)"
          ],
          [
           0.65,
           "rgb(150, 170, 143)"
          ],
          [
           0.65,
           "rgb(150, 171, 143)"
          ],
          [
           0.66,
           "rgb(150, 172, 144)"
          ],
          [
           0.66,
           "rgb(150, 173, 144)"
          ],
          [
           0.67,
           "rgb(151, 174, 144)"
          ],
          [
           0.67,
           "rgb(151, 175, 144)"
          ],
          [
           0.67,
           "rgb(151, 176, 145)"
          ],
          [
           0.68,
           "rgb(151, 177, 145)"
          ],
          [
           0.68,
           "rgb(152, 178, 145)"
          ],
          [
           0.69,
           "rgb(152, 179, 146)"
          ],
          [
           0.69,
           "rgb(152, 180, 146)"
          ],
          [
           0.69,
           "rgb(153, 181, 146)"
          ],
          [
           0.7,
           "rgb(153, 182, 147)"
          ],
          [
           0.7,
           "rgb(154, 183, 147)"
          ],
          [
           0.7,
           "rgb(154, 184, 147)"
          ],
          [
           0.71,
           "rgb(154, 185, 148)"
          ],
          [
           0.71,
           "rgb(155, 186, 148)"
          ],
          [
           0.72,
           "rgb(155, 187, 149)"
          ],
          [
           0.72,
           "rgb(156, 188, 149)"
          ],
          [
           0.72,
           "rgb(156, 189, 149)"
          ],
          [
           0.73,
           "rgb(157, 190, 150)"
          ],
          [
           0.73,
           "rgb(157, 192, 150)"
          ],
          [
           0.74,
           "rgb(158, 193, 151)"
          ],
          [
           0.74,
           "rgb(159, 194, 151)"
          ],
          [
           0.74,
           "rgb(159, 195, 152)"
          ],
          [
           0.75,
           "rgb(160, 196, 152)"
          ],
          [
           0.75,
           "rgb(161, 198, 153)"
          ],
          [
           0.76,
           "rgb(162, 199, 153)"
          ],
          [
           0.76,
           "rgb(163, 200, 154)"
          ],
          [
           0.76,
           "rgb(163, 201, 155)"
          ],
          [
           0.77,
           "rgb(164, 203, 155)"
          ],
          [
           0.77,
           "rgb(165, 204, 156)"
          ],
          [
           0.78,
           "rgb(166, 205, 157)"
          ],
          [
           0.78,
           "rgb(168, 206, 157)"
          ],
          [
           0.78,
           "rgb(169, 208, 158)"
          ],
          [
           0.79,
           "rgb(170, 209, 159)"
          ],
          [
           0.79,
           "rgb(171, 210, 160)"
          ],
          [
           0.8,
           "rgb(172, 212, 161)"
          ],
          [
           0.8,
           "rgb(174, 213, 162)"
          ],
          [
           0.8,
           "rgb(175, 215, 163)"
          ],
          [
           0.81,
           "rgb(176, 216, 163)"
          ],
          [
           0.81,
           "rgb(178, 217, 164)"
          ],
          [
           0.81,
           "rgb(179, 219, 165)"
          ],
          [
           0.82,
           "rgb(181, 220, 166)"
          ],
          [
           0.82,
           "rgb(183, 221, 168)"
          ],
          [
           0.83,
           "rgb(184, 223, 169)"
          ],
          [
           0.83,
           "rgb(186, 224, 170)"
          ],
          [
           0.83,
           "rgb(188, 226, 171)"
          ],
          [
           0.84,
           "rgb(189, 227, 172)"
          ],
          [
           0.84,
           "rgb(191, 228, 173)"
          ],
          [
           0.85,
           "rgb(193, 229, 174)"
          ],
          [
           0.85,
           "rgb(195, 231, 175)"
          ],
          [
           0.85,
           "rgb(196, 232, 177)"
          ],
          [
           0.86,
           "rgb(198, 233, 178)"
          ],
          [
           0.86,
           "rgb(200, 234, 179)"
          ],
          [
           0.87,
           "rgb(202, 235, 180)"
          ],
          [
           0.87,
           "rgb(204, 236, 181)"
          ],
          [
           0.87,
           "rgb(206, 237, 183)"
          ],
          [
           0.88,
           "rgb(207, 238, 184)"
          ],
          [
           0.88,
           "rgb(209, 239, 185)"
          ],
          [
           0.89,
           "rgb(211, 240, 186)"
          ],
          [
           0.89,
           "rgb(213, 241, 187)"
          ],
          [
           0.89,
           "rgb(215, 242, 189)"
          ],
          [
           0.9,
           "rgb(216, 243, 190)"
          ],
          [
           0.9,
           "rgb(218, 244, 191)"
          ],
          [
           0.91,
           "rgb(220, 244, 192)"
          ],
          [
           0.91,
           "rgb(221, 245, 193)"
          ],
          [
           0.91,
           "rgb(223, 246, 194)"
          ],
          [
           0.92,
           "rgb(225, 246, 195)"
          ],
          [
           0.92,
           "rgb(226, 247, 197)"
          ],
          [
           0.93,
           "rgb(228, 248, 198)"
          ],
          [
           0.93,
           "rgb(229, 248, 199)"
          ],
          [
           0.93,
           "rgb(231, 249, 200)"
          ],
          [
           0.94,
           "rgb(232, 249, 201)"
          ],
          [
           0.94,
           "rgb(234, 250, 202)"
          ],
          [
           0.94,
           "rgb(235, 250, 203)"
          ],
          [
           0.95,
           "rgb(237, 250, 204)"
          ],
          [
           0.95,
           "rgb(238, 251, 205)"
          ],
          [
           0.96,
           "rgb(240, 251, 206)"
          ],
          [
           0.96,
           "rgb(241, 251, 207)"
          ],
          [
           0.96,
           "rgb(242, 252, 208)"
          ],
          [
           0.97,
           "rgb(244, 252, 209)"
          ],
          [
           0.97,
           "rgb(245, 252, 210)"
          ],
          [
           0.98,
           "rgb(246, 253, 211)"
          ],
          [
           0.98,
           "rgb(247, 253, 211)"
          ],
          [
           0.98,
           "rgb(249, 253, 212)"
          ],
          [
           0.99,
           "rgb(250, 253, 213)"
          ],
          [
           0.99,
           "rgb(251, 253, 214)"
          ],
          [
           1,
           "rgb(253, 254, 215)"
          ],
          [
           1,
           "rgb(254, 254, 216)"
          ]
         ],
         "type": "heatmap",
         "xgap": 3,
         "ygap": 3,
         "z": [
          [
           0.6123398887149647,
           1.780031444061711,
           0.7311700534696381,
           0.8210772663858529,
           1.417105087548059,
           1.8763226766154437,
           0.6400538863803815,
           1.3094329771617832,
           0.5483139729544534,
           0.7201025754816066,
           1.2948761330779863,
           1.057781356061544,
           0.9141402613206947,
           0.35582939407600234,
           0.4884092005295322,
           0.5975231121279452,
           1.2123059987640805,
           0.8812934272517412,
           1.0314340841767837,
           0.3282952030958296
          ],
          [
           1.780031444061711,
           0.726802652944021,
           0.9979233528634754,
           1.0371843495635285,
           1.0327713928154476,
           0.30118171052457443,
           0.15631072081029507,
           1.7861777509035046,
           1.0545450812375101,
           1.6747092064153084,
           1.6566341234071822,
           1.2572455871804342,
           0.3705045464326656,
           0.9649924526074393,
           1.3658684272778407,
           1.4914725113250895,
           0.6791108813275686,
           1.604144979261077,
           0.7278259133868431,
           0.3328685313661238
          ],
          [
           0.7311700534696381,
           0.9979233528634754,
           1.8437419335042893,
           1.337849139272271,
           0.3632380694368087,
           1.2752931913841916,
           1.6352427218872987,
           0.4873129269703974,
           0.9958829787321744,
           1.0956135068864108,
           0.8940658058709302,
           1.1811660544294171,
           1.6152005979670476,
           1.0126276213644152,
           1.8794086695530106,
           1.3021611541313853,
           0.2880771624178471,
           0.6949551556177337,
           0.6374183269997631,
           0.48409623535629764
          ],
          [
           0.8210772663858529,
           1.0371843495635285,
           1.337849139272271,
           0.24782849188634892,
           1.0385524628668539,
           0.975446561044184,
           1.0140700324331284,
           0.9564726037041495,
           1.6709136098603738,
           0.6704443586929182,
           0.8481355616518863,
           1.2285895024751885,
           1.245851242028483,
           0.35032803701496484,
           0.9296751976556871,
           1.272665966374684,
           1.490057676177043,
           1.2896367056285036,
           1.2156225885895098,
           0.8925558572257711
          ],
          [
           1.417105087548059,
           1.0327713928154476,
           0.3632380694368087,
           1.0385524628668539,
           1.7148863874602795,
           1.054876987716755,
           0.9419670456316933,
           0.8911415311423427,
           1.2761070420702851,
           0.9010527486170417,
           0.7791939310858857,
           1.3936855386931435,
           0.6073610730333853,
           0.8821393580031581,
           0.7310620174653369,
           1.1233452219323667,
           0.8975980444506484,
           1.2506326974689057,
           1.4660754707721373,
           1.4258906450443334
          ],
          [
           1.8763226766154437,
           0.30118171052457443,
           1.2752931913841916,
           0.975446561044184,
           1.054876987716755,
           0.5600005010326536,
           0.9136149055637417,
           1.2760796180103677,
           1.027161729530976,
           1.6352390645702624,
           1.206304338883456,
           0.5751375440661683,
           0.8408936845712572,
           1.460315743005458,
           1.2341070059258408,
           1.135174970662376,
           1.5353230730099687,
           0.806158061504087,
           1.7044922134993095,
           0.9456641899551822
          ],
          [
           0.6400538863803815,
           0.15631072081029507,
           1.6352427218872987,
           1.0140700324331284,
           0.9419670456316933,
           0.9136149055637417,
           0.5257493541409173,
           1.2105303083923722,
           1.06560579430355,
           1.019237140578681,
           0.9446554883435739,
           1.2605475514520923,
           1.0787659077890637,
           0.9745098173520096,
           1.3409916992539461,
           1.8864151913399483,
           0.7757279890653531,
           1.484721101111339,
           0.39614436976310763,
           1.014113266714612
          ],
          [
           1.3094329771617832,
           1.7861777509035046,
           0.4873129269703974,
           0.9564726037041495,
           0.8911415311423427,
           1.2760796180103677,
           1.2105303083923722,
           1.931675188862444,
           1.2096654636217647,
           0.4094758866234427,
           0.8912525196065608,
           1.0936205506186165,
           1.7618219685887635,
           1.3832873680856161,
           0.2567181999204272,
           0.7830754524000008,
           1.2476670842352338,
           1.319910196908277,
           0.8211222041028206,
           0.5017876906378534
          ],
          [
           0.5483139729544534,
           1.0545450812375101,
           0.9958829787321744,
           1.6709136098603738,
           1.2761070420702851,
           1.027161729530976,
           1.06560579430355,
           1.2096654636217647,
           1.859288514637229,
           1.7253378713674365,
           1.7194242095038341,
           0.32045395762619155,
           0.7039778953979059,
           1.0316862859064708,
           1.431773779804908,
           0.9647475180050444,
           0.38063360230632726,
           0.7512760991962002,
           0.5250771977000877,
           0.3057208038516678
          ],
          [
           0.7201025754816066,
           1.6747092064153084,
           1.0956135068864108,
           0.6704443586929182,
           0.9010527486170417,
           1.6352390645702624,
           1.019237140578681,
           0.4094758866234427,
           1.7253378713674365,
           0.20378675951805802,
           0.923051028989334,
           1.8195150461728655,
           1.3406170967024087,
           1.2914882011657838,
           0.22997186635960243,
           0.7013870688038383,
           1.0406193287525425,
           0.40038130893629187,
           0.7789346169002254,
           1.1605344703394302
          ],
          [
           1.2948761330779863,
           1.6566341234071822,
           0.8940658058709302,
           0.8481355616518863,
           0.7791939310858857,
           1.206304338883456,
           0.9446554883435739,
           0.8912525196065608,
           1.7194242095038341,
           0.923051028989334,
           1.5426986751691214,
           1.1718025599662596,
           0.3716441603519556,
           0.7113725916922952,
           1.6793232592527276,
           0.24747036748303664,
           0.39984134484584566,
           1.0355662100464846,
           1.026675942347313,
           1.8054754872984158
          ],
          [
           1.057781356061544,
           1.2572455871804342,
           1.1811660544294171,
           1.2285895024751885,
           1.3936855386931435,
           0.5751375440661683,
           1.2605475514520923,
           1.0936205506186165,
           0.32045395762619155,
           1.8195150461728655,
           1.1718025599662596,
           0.39404743514190654,
           0.7403485068315095,
           0.972135017346471,
           0.27050854530220425,
           1.4516307589572088,
           0.8635842119835199,
           0.6094910751655577,
           1.4898448121615488,
           0.3658612895986575
          ],
          [
           0.9141402613206947,
           0.3705045464326656,
           1.6152005979670476,
           1.245851242028483,
           0.6073610730333853,
           0.8408936845712572,
           1.0787659077890637,
           1.7618219685887635,
           0.7039778953979059,
           1.3406170967024087,
           0.3716441603519556,
           0.7403485068315095,
           1.7829436305134114,
           0.9521485707824958,
           0.1623735857741262,
           1.016750390039738,
           0.9637559704891752,
           0.30729717774710075,
           1.0355462463833285,
           0.28953700108257496
          ],
          [
           0.35582939407600234,
           0.9649924526074393,
           1.0126276213644152,
           0.35032803701496484,
           0.8821393580031581,
           1.460315743005458,
           0.9745098173520096,
           1.3832873680856161,
           1.0316862859064708,
           1.2914882011657838,
           0.7113725916922952,
           0.972135017346471,
           0.9521485707824958,
           1.8769642258040569,
           1.2468049232399767,
           1.2926989090621341,
           1.203800931712515,
           1.0383944776396428,
           0.9799316449354474,
           0.670220772473001
          ],
          [
           0.4884092005295322,
           1.3658684272778407,
           1.8794086695530106,
           0.9296751976556871,
           0.7310620174653369,
           1.2341070059258408,
           1.3409916992539461,
           0.2567181999204272,
           1.431773779804908,
           0.22997186635960243,
           1.6793232592527276,
           0.27050854530220425,
           0.1623735857741262,
           1.2468049232399767,
           0.7761486123539092,
           0.39795276163910787,
           0.7812115295419826,
           0.5237321839456022,
           1.1171828818652814,
           0.38953957010944196
          ],
          [
           0.5975231121279452,
           1.4914725113250895,
           1.3021611541313853,
           1.272665966374684,
           1.1233452219323667,
           1.135174970662376,
           1.8864151913399483,
           0.7830754524000008,
           0.9647475180050444,
           0.7013870688038383,
           0.24747036748303664,
           1.4516307589572088,
           1.016750390039738,
           1.2926989090621341,
           0.39795276163910787,
           1.5797331993666701,
           0.6596678338351375,
           0.3413441995581701,
